----- 0 -----
507.457018
507.436991
507.413864
507.402897
508.319855
505.322933
505.800962
505.789042
505.781889
505.774021
506.849051
506.827831
506.796122
502.485037
502.469063
502.491951
502.480030
502.470970
502.559900
502.552032
502.534866
502.525806
502.516985
497.945070
497.944117
497.952938
497.943878
497.944832
497.963905
498.055935
498.038054
498.028994
498.020887
493.860960
493.846893
493.837118
493.826866
493.818998
493.809938
493.800879
493.811846
493.801832
489.347219
489.334106
489.326000
489.316940
489.293098
489.284992
489.327192
489.311934
489.300966
484.960079
484.947920
484.939098
484.930992
484.924078
484.915972
484.931946
484.911919
485.007048
480.391979
480.422020
480.412006
480.402946
480.394840
480.482101
480.471134
480.467081
480.450869
480.443001
475.886106
475.873947
475.865126
475.857019
475.865841
475.857973
475.946188
475.929976
475.921869
476.054192
471.337080
471.321106
471.310854
471.302032
471.342087
471.330881
471.321106
471.417904
471.410036
471.401930
479.448080
479.447126
479.447126
479.446173
479.442835
479.438066
479.423046
479.416847
479.413986
525.516033
525.501013
525.540829
479.754925
525.597095
510.351181
510.361195
505.326986
505.329132
500.373125
500.375032
475.434780
475.476980
475.466967
475.457191
475.446939
475.539923
475.522041
475.512028
475.505114
475.625038
471.091986
471.073866
471.065044
471.058846
471.052170
471.045971
471.078157
471.060991
471.283913
471.239805
466.624975
466.614962
466.609955
466.636896
466.629982
466.620922
466.719151
466.702938
466.695786
466.825008
465.147018
465.121031
465.146065
465.123892
465.117931
465.112209
465.105057
465.082169
465.080976
465.201855
460.190058
460.174799
460.164070
460.152864
460.146189
460.134983
460.125208
460.170031
460.160971
460.199118
455.835104
455.820084
455.800056
455.790997
455.781937
455.808878
455.796003
455.799103
456.009865
455.991030
451.322079
451.303959
451.295853
451.286077
451.289177
451.293945
451.310158
451.515913
451.577187
446.789026
446.807146
446.799040
446.789026
446.868896
446.859837
446.851015
446.964025
446.833134
447.189093
442.651987
442.736149
442.710876
442.687035
442.679882
442.650080
442.687988
442.869902
438.250065
438.225031
438.217878
438.200951
438.205957
438.245058
438.227892
438.220024
438.365936
433.782101
433.785915
437.904119
438.216925
451.200008
451.203108
451.176882
451.234102
471.920967
471.923828
461.709023
461.793184
461.770058
461.771965
456.690073
451.589108
456.727028
451.677799
451.679945
451.658010
446.760178
446.749926
446.740866
446.736097
446.731091
446.726084
446.712017
446.705103
446.695089
446.691036
442.665100
442.649126
442.669153
442.652941
442.723036
442.713976
442.669153
442.641020
438.200951
438.189983
438.181877
438.173056
438.246012
438.236952
438.228130
438.205957
438.196898
433.775902
433.767080
433.758974
433.751106
433.747053
433.740139
433.732986
433.725834
433.727026
429.523945
429.512978
429.536104
429.527998
429.521084
429.592133
429.584980
429.579020
429.540873
425.292969
425.286055
425.278187
425.224066
425.204039
425.197840
425.375938
422.173977
422.166109
422.158957
422.152042
422.143936
422.136068
422.129869
422.122002
422.106028
422.097206
417.461872
417.447805
417.438030
417.438984
417.529821
417.523861
417.506933
417.492867
417.675972
414.882898
414.875031
414.917946
414.875031
414.821863
414.812088
414.803982
414.870024
410.436869
410.424948
410.523176
410.515070
410.506010
410.499096
410.489798
410.483122
410.459995
410.452127
405.883074
405.870914
405.863047
405.883074
405.969143
405.959845
405.952215
405.946970
405.939817
405.925989
438.888073
438.890219
434.055090
434.023142
434.010983
418.807983
418.811083
454.326153
454.328060
454.304934
454.307795
449.383020
449.386120
444.358110
444.360971
434.393167
434.318066
434.309959
426.234007
405.988932
405.982971
405.974865
405.968189
405.961990
405.924082
406.088829
406.113148
406.115055
406.013012
406.024933
406.049967
424.468994
404.173851
404.164076
404.168129
404.160023
404.204130
404.181957
404.299021
404.284000
404.272079
404.551029
401.592970
401.583910
401.571989
401.562929
401.646137
401.549101
401.532888
401.525021
401.519060
401.638031
397.420168
397.389889
397.415161
397.384882
397.377014
397.350073
397.332907
397.323132
397.315025
402.636051
402.838945
397.959948
397.974968
397.966146
398.100138
398.094177
398.077011
398.069143
397.864103
398.176193
395.243168
395.231009
395.414114
395.408154
395.368099
395.351887
395.344973
395.467043
395.469189
395.724058
395.725965
396.008968
396.017075
391.710997
391.698837
391.896963
392.317057
392.310143
392.475128
392.466068
392.457962
392.441988
392.433882
404.567003
404.570103
389.400005
389.384985
389.564037
389.416933
389.409065
389.401913
389.377117
389.372110
389.530182
390.151024
390.231133
390.233994
385.856152
385.845184
385.860920
385.855198
385.941029
385.935068
385.927916
385.919094
386.419058
386.571884
382.252932
382.241011
382.210016
382.295847
382.282972
382.150888
382.135153
382.123947
382.910967
382.955074
382.993937
379.780769
379.765034
379.788876
380.041122
380.003929
379.992962
379.965782
379.992008
380.096912
381.397963
381.412983
376.903057
376.878023
376.903057
376.878977
376.853943
376.892090
376.865149
376.857042
376.839161
376.847029
380.461216
380.450964
380.444050
380.423069
380.417109
380.427837
380.421877
380.419016
380.975962
380.930901
376.832008
376.860857
376.851082
376.842022
376.837969
377.259016
377.251863
377.233982
377.223969
377.214909
375.459194
375.804901
375.795126
375.746965
375.793219
375.744104
375.735044
375.722885
375.714064
375.705957
373.574018
373.560905
373.606920
373.597145
373.683929
373.677015
373.667955
373.658180
373.761892
374.044895
369.359016
369.383097
369.369984
369.358063
369.346857
369.354010
369.343996
369.307041
369.572878
369.846106
364.977121
365.067005
365.037918
365.000963
364.991903
364.982128
364.974976
365.104914
365.140915
360.506058
360.600948
360.590935
360.582113
360.554934
360.544920
360.524893
360.719919
360.728979
356.055975
356.049061
356.143951
356.096029
356.087923
356.218100
356.071949
356.105089
356.267929
351.776838
351.767063
351.759911
351.752043
351.741791
351.723909
351.754904
351.724863
351.924896
347.246885
347.238064
347.229004
347.219944
347.213984
347.204924
347.356081
347.214937
347.384930
342.684031
342.737913
342.729807
342.720985
342.711926
342.703104
342.693090
342.682838
342.857122
342.886925
352.294922
352.262974
352.258921
352.342844
352.369070
352.365971
352.350950
352.458000
352.386951
352.516890
383.388042
378.285885
383.489132
378.337860
373.255014
373.297930
363.107920
368.385077
368.386984
363.126993
348.115921
348.093987
348.071098
348.063946
348.035097
348.026037
347.995996
348.125935
348.244905
344.159842
344.245911
344.218016
344.211102
344.203949
344.197035
344.187975
344.195127
344.217062
344.335079
339.646101
339.632988
339.718819
339.709044
339.691162
339.681864
339.654922
339.647055
339.897156
335.196018
335.215092
335.207939
335.259914
335.251093
335.226059
335.216999
335.479021
334.292889
334.277868
334.271193
334.245920
334.238052
334.229946
334.208012
334.377050
334.316969
329.384804
329.370975
329.360008
329.349995
329.340935
329.344034
329.334974
329.305172
329.294920
324.987888
324.970961
325.034857
324.995995
324.969053
324.959040
324.949980
325.152159
320.468187
320.494890
320.484161
320.472002
320.476055
325.086117
325.086832
325.059891
325.084209
325.057983
320.637226
320.627928
320.712090
320.697069
320.719004
320.682049
320.673943
320.729017
320.928097
316.141129
316.143036
316.225052
316.179991
316.138029
316.166162
316.157818
316.148996
316.390991
311.709881
311.701059
311.702967
311.694145
311.686039
311.693192
311.871052
307.511091
307.504892
307.497025
307.497025
307.605982
307.599068
307.705164
307.585001
307.577133
307.708025
302.991867
302.978992
302.958012
302.951097
302.942991
302.989960
302.983046
302.963018
303.093910
303.121090
298.526049
298.547029
298.534155
298.598051
298.590899
298.585176
298.575878
298.568010
298.727036
293.992996
293.989897
294.111967
294.104099
294.095039
294.085979
294.076920
294.068098
294.175148
289.524078
289.492130
289.521217
289.483070
289.568901
289.562941
289.539099
289.667130
284.785032
284.778118
284.770012
284.870148
284.861803
284.854174
284.960032
284.821033
284.950972
360.405922
360.409021
355.254889
370.839119
365.806818
365.767002
355.475903
381.162882
381.165028
370.907068
365.884781
365.839958
350.630045
350.631952
350.608826
350.610971
340.474129
335.259199
330.037117
330.064058
330.183983
340.529203
335.333109
330.101967
330.124140
330.247879
315.068007
310.021877
310.024977
304.872990
304.874897
304.744959
299.628019
299.629927
315.149069
304.790020
295.562029
295.596838
295.588017
295.578957
295.665026
295.655966
295.648098
295.640945
295.633078
291.176081
291.165829
291.156054
291.144848
291.136026
291.126013
291.130066
291.119099
291.112900
286.880970
286.929846
286.909819
286.901951
286.927938
286.919832
286.911011
286.993980
286.988020
287.109137
282.445908
282.433987
282.413006
282.402992
282.394886
282.387018
282.434940
282.427073
282.392025
282.556057
277.921200
277.989864
277.981997
277.973890
277.950048
277.942181
277.935982
278.126955
273.569107
273.559809
273.552895
273.526192
273.514986
273.507118
273.497820
273.490906
273.532867
273.813009
278.957844
278.904915
278.921127
278.913021
278.907061
278.898954
278.867006
279.168129
274.186134
274.183989
274.193048
274.185896
274.145126
274.104118
274.106026
274.215937
274.251938
289.734125
310.410023
310.411930
279.630899
279.634953
305.393934
305.395842
290.030956
290.033102
289.973974
282.589912
272.837877
272.862196
272.864819
272.840023
272.834063
272.907972
272.899866
272.891045
272.883892
273.016930
268.494129
268.496037
268.501997
268.601894
268.590212
268.544912
268.536091
268.528938
264.109850
264.101028
264.174938
264.147043
264.137983
264.127016
264.131069
264.294863
259.714127


478.497982
478.483915
478.728056
478.720903
478.697062
478.688002
478.661060
478.776932
479.352951
479.321003
475.245953
475.244045
475.233793
475.208998
475.197077
475.189924
475.185871
475.324154
475.188017
471.271992
472.647190
477.630138
472.644806
472.637892
472.630024
472.604036
472.564936
472.557068
472.640991
472.680092
469.050169
469.256163
469.360113
469.352961
469.310999
469.302893
469.295025
469.287157
469.278097
469.439983
466.767788
466.758966
466.737986
466.762066
466.738939
466.698170
466.717958
466.680050
466.747999
466.729879
461.869001
461.845875
461.838007
461.799145
461.790085
461.892843
461.772919
461.841106
461.799145
462.934971
458.490133
458.441973
458.429813
458.460093
458.451033
458.442926
459.038973
459.031105
455.154181
455.142975
455.133915
455.125093
455.338955
455.328941
455.320120
455.312014
455.302954
455.296040
452.219963
452.210903
452.203035
452.194929
452.185154
452.178001
452.167988
452.146053
452.136993
452.796221
448.533058
448.523998
448.513031
448.504925
448.685169
448.677063
448.667765
448.659897
448.649883
448.642015
464.792967
464.782000
445.240021
445.261002
445.250988
445.241928
445.414066
445.405960
445.397139
445.388079
445.380926
445.370197
442.254066
442.245007
442.237139
442.464113
442.456007
442.446947
442.438126
442.432880
442.425013
442.415953
438.686132
438.673973
438.664913
438.935995
438.928843
438.920975
438.912868
438.905001
438.895941
438.886881
434.857130
434.844971
434.835911
434.828043
434.819937
434.812069
434.803963
434.796095
434.787035
434.768915
431.679964
431.669950
431.661844
431.650162
431.643009
431.654215
431.648970
431.642056
431.634903
431.620121
428.081036
428.084850
428.186893
428.176165
428.169966
428.161144
428.152084
428.219080
428.211927
424.113035
424.099922
424.052954
424.082994
424.062967
424.053192
424.165010
424.156904
419.825077
419.795036
419.839859
419.831038
419.824123
419.814825
419.806004
419.796944
415.446997
415.526152
415.462971
415.453911
411.181927
411.170959
411.163092
411.153078
411.158800
411.151171
411.164045
411.155939
437.463999
432.490110
427.509069
412.204027
412.178040
412.154913
412.157059
412.128210
412.111044
412.291050
433.147907
422.916174
417.767048
408.853054
408.843994
408.836126
409.011841
409.003973
408.997059
408.990145
408.967972
408.949852
429.775000
405.223131
405.213833
405.189991
405.168056
405.359983
405.351162
405.344009
405.327797
401.726961
427.580118
427.556992
427.732944
427.676201
417.556047
417.605877
402.389050
402.411938
402.403831
402.395010
402.486086
402.461052
402.446032
402.437925
407.643080
422.842026
402.620077
428.125858
412.811995
418.084860
398.137093
398.108959
398.120880
398.144960
398.136854
398.124933
398.113966
398.118973
398.111820
393.911123
393.900871
393.876076
393.867016
393.881083
393.857002
393.840075
393.889904
389.462948
389.435053
389.410019
389.366150
389.446020
389.441013
384.986877
384.978056
384.968996
384.961128
384.950876
384.953976
384.952068
384.969950
384.953022
384.944916
380.871058
380.860090
380.852938
380.845070
380.837917
380.830050
380.801916
380.786180
380.901098
376.535892
376.522064
376.565933
376.559019
376.552105
376.543999
376.536131
376.528978
371.990919
371.981144
371.968031
371.938944
372.032166
372.024059
372.007132
372.019053
372.011900
367.732048
367.721081
367.820024
367.761135
367.737055
367.729902
367.704153
363.363028
363.353014
363.317013
363.294840
363.299131
363.305092
363.291979
363.315105
358.928919
358.920097
358.962059
358.956099
358.947992
358.938932
358.930111
358.903885
354.722977
354.716063
354.707956
354.956865
354.951143
354.931116
354.923010
354.916096
354.907036
358.603001
358.543873
358.732939
358.639002
358.631134
358.609915
368.925095
358.703852
425.425768
355.494976
355.669022
355.651140
355.629921
355.619907
355.605841
355.599165
355.845213
360.970020
361.056089
356.471777
418.080091
408.421993
414.072037
408.965111
414.024115
408.878088
357.722044
352.711201
393.751144
352.720022
352.714062
352.708101
352.700949
352.720022
352.720976
352.684975
393.764973
388.808012
353.047848
378.753901
384.712934
384.511948
384.893894
379.570007
374.486208
410.690784
349.407911
349.399090
400.434017
349.368095
349.369049
349.361897
349.341869
354.688883
364.928007
349.757910
349.706173
351.001024
371.283054
350.905180
346.450806
346.744061
346.688032
346.682072
346.722126
346.682072
346.659899
346.652031
346.763849
343.219042
343.195915
343.217134
343.193054
343.186855
343.159914
343.153954
343.144894
350.937128
340.614080
340.596914
340.590954
340.666056
340.610027
340.927839
340.959072
340.994835
341.099977
336.406946
336.393833
336.385965
336.377859
336.371183
336.363077
336.338997
336.330891
336.314917
347.614050
347.548008
335.960865
335.952997
335.940838
335.933924
335.927010
335.902929
335.899115
335.966110
346.426964
336.523056
336.571932
331.770897
331.743956
341.974974
331.871986
331.866026
331.849098
331.843853
331.837893
332.222939
332.409143
332.639933
327.862024
327.858925
327.852011
327.812910
327.797174
327.789068
327.780962
328.134060
328.917027
329.133987
325.011015
324.994087
325.024128
325.020075
325.011969
325.006962
324.998856
324.980021
325.194120
325.357914
320.681095
320.672989
320.683956
320.874929
320.852041
320.803881
321.218967
321.485996
321.477890
317.145824
317.136049
317.127943
317.117929
317.111969
317.295074
317.281008
317.256212
314.200163
319.141150
314.205885
314.519882
314.509869
314.502001
314.491987
314.482927
314.475060
314.466953
315.020084
311.054945
311.046124
311.038017
311.029911
311.022043
311.013937
310.992956
311.340809
311.334133
311.321974
327.852964
322.741032
307.561159
307.549953
307.540894
307.538986
307.531118
307.522058
307.514191
307.506084
307.590961
307.492971
304.342031
304.332018
304.305077
304.568052
304.560900
304.553986
304.527998
304.519892
300.451994
300.443172
300.645113
300.637007
300.631046
300.624132
300.616026
300.594091
300.616980
300.595045
298.546791
298.537016
298.528194
299.005032
298.996925
298.987865
298.980951
298.975229
299.153090
299.136877
295.197010
295.187950
295.174122
295.441866
295.434952
295.428038
295.421124
295.396805
295.389891
295.611858
291.572094
291.563034
291.553020
291.543961
291.534901
291.517973
291.510105
291.496992
291.483164
291.476011
287.991047
287.980795
287.971973
287.965059
287.959099
287.950039
287.941933
287.933111
287.895918
284.590960
284.568071
284.559011
284.713030
284.704924
284.698009
284.689188
281.621933
281.613111
281.605005
281.594992
281.586885
281.579018
281.569958
281.793833
281.793833
281.785011
277.532101
277.517080
277.506828
277.834892
277.828932
277.819872
278.268814
278.262138
278.234959
274.260998
274.251938
274.234056
274.230957
274.202108
274.163961
274.163961
275.681019
271.062136
271.049976
271.266937
271.256924
271.269083
271.246910
271.233082
271.539927
271.533012
323.313951
323.435068
267.651796
267.637014
267.627001
267.620087
267.601967
267.589808
267.568111
267.561197
267.560959
267.611027
278.404951
280.520916
270.402193
270.384073
270.378113
270.368099
270.343065
270.322084
270.501137
270.581007
306.389093
301.414967
301.735878
286.387920
266.071081
266.064167
266.053915
266.052961
266.232014
266.215086
266.214848
266.213894
302.740097
292.536020
272.425890
272.602081
262.560844
262.775898
262.768030
262.759924
262.738943
262.732029
262.720823
262.713194
263.258934
268.285990
263.209105
268.374920
259.380102
259.403944
259.396791
259.388924
259.662151
259.654045
259.647131
259.638071
259.630919
259.608984
256.460905
256.457090
256.425142
256.417990
256.408930
256.393909
260.802031
260.708809
260.885000
260.772943
256.148100
256.142139
256.202936
256.125927
256.119013
256.207943
256.169081
256.088972
256.135941
256.216049
251.443863
251.437902
251.425028
251.489162
251.356125
251.430035
251.425028
251.416922
251.393080
251.519918
247.148991
247.140884
247.169971
247.225046
247.217894
247.215986
247.208118
247.189999
247.790098
248.436928
244.400024
244.390965
244.393110
244.385004
244.383097
244.363070
244.369984
244.353056
244.693995
244.664907
240.055799
240.137100
240.096092
240.103006
240.093946
240.086079
240.046024
240.505934
236.021042
236.006975
236.012936
236.006021
235.965967
235.956907
236.516953
236.475945
236.729860
231.941938
231.896162
231.979132
231.967926
231.935978
231.908083
232.635021
232.573032
233.162880
228.524208
228.498936
228.516102
233.652830
228.495121
228.468895
228.657961
228.781939
244.060040
224.109888
224.102974
224.091053
224.082947
224.074125
224.273920
224.261999
224.431992
244.776964
224.392891
239.607811
219.648123
219.642878
219.616890
229.750872
219.609976
219.602108
219.593048
219.748020
219.828844
230.021954
219.752073
230.174065
215.178967
215.154171
215.143919
215.134859
215.110779
215.081930
215.070009
215.538025
215.682030
210.619926
210.609913
210.601091
210.592031
210.581064
210.752010
226.231098
210.816860
211.064100
216.253042
211.470842
211.611986
207.460165
207.449913
207.439899
207.417011
207.376957
207.446098
207.368851
207.436085
222.834110
209.440947
209.835052
205.485106
205.474854
205.445051
205.435991
205.425978
205.399990
205.384016
205.374956
201.486111
201.475143
201.429129
201.390028
201.359034
202.025175
198.031187
198.019981
198.012114
198.004007
198.215961
198.208094
198.199987
198.192120
198.165894
198.158026
194.868803
194.844961
194.835186
194.827080
194.820166
194.809914
194.802999
194.785118
191.657066
191.630840
191.622972
191.614866
191.606998
191.598892
191.576004
191.559076
188.031197
188.019991
188.010931
188.003063
187.994957
187.985897
187.976837
188.230991
188.210964
215.445995
215.392113
185.286999
185.279131
185.270786
185.245037
185.235977
175.806999
175.791979
175.749063
175.723791
175.713062
175.704956
175.706148
200.675011
210.888147
210.880995
177.981853
174.494028
174.550056
174.539089
174.530029
174.504042
174.805164
174.797058
174.787998
174.779892
174.772978
188.072920
170.758963
170.751810




498.740911
498.744011
498.738050
498.733997
499.227047
499.207020
499.232054
499.377012
499.329090
495.674133
495.669842
495.646954
495.628119
495.655060
495.635986
495.611906
495.606899
495.661974
510.903120
495.762110
490.959883
490.994930
490.992069
490.987062
490.981102
490.985155
490.964174
490.959167
491.116047
486.409903
486.393929
486.390114
486.375093
486.369133
486.412048
486.339092
486.373901
486.518145
495.719194
485.569954
485.558987
485.549927
485.539913
485.560894
485.551834
485.631943
485.620975
485.611916
485.604048
481.167078
481.157064
481.245041
481.227875
481.220961
481.193066
481.184959
481.178045
481.339216
479.621172
479.613066
479.604006
479.596853
479.588985
479.581833
479.573965
479.565859
479.536057
479.567766
475.064039
475.054979
475.080967
475.074053
475.065947
475.155830
475.147009
475.137949
475.126982
475.119829
470.504999
470.494986
470.552206
470.544100
470.534801
470.525980
470.516920
470.508099
470.512867
470.603943
466.230869
466.223955
466.180801
466.171980
466.166019
466.161013
466.189146
461.669922
461.671114
461.673975
461.765051
461.757183
461.748838
461.741209
461.734056
461.726189
503.407955
493.286133
473.098040
473.087072
473.180056
468.071938
463.168859
463.122845
463.387966
463.377953
463.369846
463.342190
463.333845
463.308096
463.291883
463.284969
458.785057
458.774090
458.858967
458.852053
458.832979
458.825827
458.818913
458.802938
458.832026
459.028006
454.373837
454.379082
454.383135
454.416037
454.406977
454.427958
454.419851
454.404116
454.482794
454.581022
449.872017
449.862957
449.876070
449.868202
449.861050
449.954033
449.944019
449.928999
449.921131
445.569992
445.591211
445.661068
445.652962
445.645809
445.678949
445.672989
445.751190
446.001053
441.128969
441.116095
441.108227
441.099882
441.176176
441.165924
441.151142
441.143036
441.305161
436.769962
436.758995
436.770916
436.855078
436.831951
436.815977
436.806917
436.939001
432.687044
432.679176
432.651997
432.698011
432.804108
428.292036
428.273916
428.267956
428.259850
428.251028
428.242922
428.236008
428.281069
428.397894
432.871819
433.867931
464.318037
454.182863
433.892965
444.072962
434.027910
434.030056
434.022903
434.015036
434.006929
434.000015
434.179068
459.537983
444.519043
434.371948
444.627047
449.966192
429.775000
429.766893
429.758072
429.768085
429.765940
429.770947
429.764032
429.845095
429.837942
429.830074
450.324059
425.359964
425.350904
425.474167
425.467968
425.437927
425.412893
425.405025
425.397873
421.109200
421.080828
421.072006
421.063900
421.057940
421.055079
421.078920
421.052933
416.711807
416.684866
416.676998
416.656017
416.646957
416.637897
416.673899
412.564039
412.557125
412.549019
412.488937
412.450075
408.083200
408.136845
408.128977
408.103943
408.062935
408.056021
403.614998
403.604984
403.536797
403.559923
403.542042
403.533936
403.616905
403.609037
403.602839
403.594971
409.548044
409.540892
409.517050
409.540892
409.522057
409.504890
409.496069
409.467936
409.460068
460.280180
460.222006
440.073013
440.043926
435.125828
435.018063
430.009842
425.040007
425.045013
424.999952
420.002222
420.042038
420.001984
419.960976
409.941912
430.457830
425.462008
430.732012
405.465841
405.455112
405.517101
405.541182
405.534029
405.527115
405.683994
405.598164
405.590057
405.812025
401.258945
401.252031
401.244164
401.319027
401.309967
401.300907
401.293993
401.288033
401.453972
396.801949
396.875858
396.867990
397.008896
397.091150
397.085905
397.078037
397.072077
397.172928
392.638922
392.632008
392.643929
392.686844
392.679930
392.673016
392.665863
392.799854
388.345957
388.336182
388.329983
388.323784
388.319969
388.371944
388.365030
388.356924
388.556004
383.950949
383.939981
384.035110
384.027004
384.011984
384.003878
383.996964
383.972883
384.184122
387.981176
388.032913
387.992859
387.964964
387.992859
387.974977
387.974024
387.948036
383.296013
383.288860
383.284807
383.296013
383.292913
383.289099
383.285999
383.281946
383.280039
383.277893
378.741026
378.730059
378.700018
378.690958
378.684044
378.732920
378.725052
378.865004
374.835968
440.795183
374.845982
374.845982
374.836922
374.815941
374.787092
374.780893
374.771118
408.729792
403.868914
388.510942
383.883953
383.873940
383.851051
383.842230
383.854866
383.846998
383.840799
383.834839
383.829117
379.019976
379.013062
379.005909
379.121065
379.113913
379.106998
379.098892
379.059076
374.597788
374.701977
374.676943
374.668837
374.660969
374.654055
374.646187
374.629974
374.620914
369.616032
369.625092
369.616985
369.606972
369.600058
369.601965
369.633198
369.617939
369.609833
365.061045
365.051985
365.043879
365.067959
365.055084
365.043879
365.051031
365.091085
365.083933
360.882044
360.852003
360.863924
360.840082
360.847950
360.897064
360.898018
360.892057
391.902924
356.559038
427.751064
422.814131
417.829037
358.033895
360.325813
400.978088
360.329151
360.321999
360.254049
360.279083
355.623007
355.576992
355.569124
355.561018
355.554104
355.545044
355.535984
350.759029
350.745916
350.720167
350.710869
350.677013
350.659847
350.708961
350.638866
427.244902
345.813990
345.805883
345.797062
345.788002
345.781088
345.773935
345.757961
378.021002
395.851135
360.215187
345.582008
345.575094
345.566988
345.602989
345.594168
345.587015
345.566034
345.817804
345.767975
341.357946
341.438055
341.429949
341.424942
341.416121
341.408968
341.397047
341.365814
341.605902
336.679935
336.672068
336.665154
336.649895
336.629868
336.636066
336.695910
336.688995
336.683035
332.264900
332.252026
332.242012
332.217932
332.193136
332.184792
332.179070
332.190990
332.407951
332.844973
332.828999
332.823038
332.798004
332.798958
332.791090
332.774878
332.912207
368.558884
368.717909
338.032007
399.213791
384.137154
379.089117
414.767027
374.078035
374.035835
374.023914
363.905907
450.500965
343.781948
374.537945
435.787916
410.258055
359.210968
405.161858
389.940023
354.205847
344.188213
369.704008
339.498043
339.488983
339.581966
339.566946
339.558840
339.553118
339.547157
339.530945
339.527845
339.761019
335.082054
335.136890
335.124016
335.108995
335.192204
335.186005
335.170984
335.165977
335.272074
335.555077
330.609083
330.610037
330.578804
330.643177
330.636024
330.718040
330.707073
330.699921
330.963135
326.117039
326.107025
326.385975
326.380968
326.374054
326.428175
326.359987
326.345921
326.452971
326.591969
321.985006
321.965933
321.959019
322.003126
321.978807
321.955919
321.982145
322.292089
317.577124
317.548990
317.543030
317.639112
317.633867
317.625999
317.619085
317.753077
313.081980
313.079834
313.075066
313.148022
313.130140
313.122988
313.115120
313.285112
313.245058
308.382034
308.351040
308.342934
308.339119
308.364868
308.341026
308.335066
308.670044
304.298878
304.291964
304.285049
304.278135
304.264069
304.276943
304.449081
299.818993
299.809933
299.803972
299.795866
299.829006
299.822807
299.815893
299.906015
299.898863
299.891949
295.164108
295.128107
295.092106
295.078993
295.062065
295.108080
295.101881
296.471834
297.276974
297.267914
297.261000
297.253132
297.229052
297.204971
297.171116
297.162056
379.174948
384.392977
384.474993
297.491789
333.442211
333.484888
312.978983
313.000917
302.827835
318.284988
313.238859
302.835941
328.847885
328.842878
323.807001
298.199892
293.203831
293.222904
293.231010
293.317080
293.300867
293.294907
293.288946
293.280840
293.274879
293.267012
289.798021
289.769888
289.761066
289.754868
289.739847
289.732933
289.732933
285.684109
285.675764
285.669088
285.661936
285.655975
285.649061
285.642147
285.695076
285.689116
285.676956
280.779123
280.755997
280.734062
280.771971
280.750990
280.735016
280.795097
280.954123
276.840925
276.836157
276.829004
276.802063
276.804924
276.849985
276.834965
276.988029
277.163029
272.148132
272.121191
272.205114
272.190094
272.182941
272.176027
272.168159
272.111893
267.639875
267.614841
267.600060
267.683983
267.651081
267.628908
267.750978
263.220072
263.213158
263.187885
263.186932
263.185978
263.278008
263.243914
263.411999
258.872986
258.866072
258.859158
258.852005
258.844137
258.836985
258.831024
258.971930
258.820057
259.010077
254.503965
254.494905
254.466772
254.457951
254.637957
254.626036
254.709005
254.801035
250.195980
250.227928
250.220060
263.006926
263.000965
262.995958
262.990952
263.110876
308.892965
365.354061
288.694859
283.663988
309.165955
278.624058
268.703938
263.565063
258.622885
258.686066
258.678198
258.685112
258.660078
258.653879
258.646965
258.639812
258.633137
258.617878
299.581051
284.313917
284.235001
264.243126
269.376040
254.493952
254.486084
254.479170
254.472017
254.522085
254.515886
254.508972
254.489899
250.046968
250.039101
250.031948
250.005960
249.999046
249.969959
249.963045
245.578051
245.568991
245.563030
245.552063
245.663166
245.656013
245.625019
245.592833
243.950844
243.942976
243.937016
243.893862
243.855000
244.028091
345.977068
305.023909
284.639120
239.820957
239.812136
239.797831
239.773989
239.768028
239.758968
239.737988
235.162020
243.099213
243.095160
243.071795
324.711084
309.527874
304.374933
243.163109
269.155025
264.182091
243.406057
259.351015
259.318113
243.907928
243.897200
243.880987
254.775047
254.765034
249.825001
266.408920
266.530991
256.296158
251.242876
251.190901
241.450071
241.442919
241.436005
241.428852
241.421938
241.400003
241.424084
241.402149
241.402864
241.554976
265.084028
244.543076
244.542122
249.358892
249.355078
249.349117
249.336004
249.284983
249.281168
285.267830
249.505997
245.137930
245.743990
245.747089
245.738983
245.732069
245.708942
245.694876
245.687008
245.862007
240.733862
240.725040
240.683079
240.706921
240.684986
240.679979
240.650892
240.681887
235.910892
235.865831
235.859871
235.852003
235.845804
235.946178
235.834837
235.827923
235.909939
230.897903
230.890036
230.863094
230.790854
215.059996
215.044975
215.037107
215.026855
215.001106
214.994907
214.987993
214.980125
214.972973
210.388899
210.379124
210.368872